0 0.7739583333333333 0.393359375 0.035416666666666666 0.01796875
0 0.7635416666666667 0.3671875 0.03958333333333333 0.021875
0 0.5526041666666667 0.265625 0.017708333333333333 0.01875
0 0.7697916666666667 0.261328125 0.01875 0.02265625
0 0.5989583333333334 0.36953125 0.10208333333333333 0.0203125
0 0.8322916666666667 0.258984375 0.027083333333333334 0.02265625
0 0.815625 0.3921875 0.041666666666666664 0.021875
0 0.7630208333333334 0.232421875 0.06979166666666667 0.01796875
0 0.5770833333333333 0.291015625 0.06041666666666667 0.02109375
0 0.7177083333333333 0.39375 0.06875 0.01875
0 0.6401041666666667 0.28984375 0.053125 0.01875
0 0.6838541666666667 0.234375 0.07395833333333333 0.0171875
0 0.6796875 0.314453125 0.065625 0.01796875
0 0.7052083333333333 0.341796875 0.05416666666666667 0.02109375
0 0.6864583333333333 0.2875 0.035416666666666666 0.015625
0 0.78125 0.340625 0.03333333333333333 0.01875
0 0.56875 0.3421875 0.03125 0.01875
0 0.8 0.260546875 0.03333333333333333 0.01640625
0 0.7197916666666667 0.262890625 0.07291666666666667 0.01953125
0 0.8020833333333334 0.367578125 0.027083333333333334 0.01953125
0 0.6619791666666667 0.3421875 0.030208333333333334 0.0203125
0 0.58125 0.395703125 0.06666666666666667 0.01796875
0 0.5833333333333334 0.265625 0.035416666666666666 0.015625
0 0.7333333333333333 0.2890625 0.04791666666666667 0.01875
0 0.6171875 0.342578125 0.04895833333333333 0.02265625
0 0.721875 0.3671875 0.0375 0.0171875
0 0.8484375 0.365625 0.053125 0.015625
0 0.8395833333333333 0.2875 0.022916666666666665 0.01875
0 0.75 0.341796875 0.022916666666666665 0.01796875
0 0.6411458333333333 0.26171875 0.06770833333333333 0.015625
0 0.7916666666666666 0.286328125 0.058333333333333334 0.01953125
0 0.6760416666666667 0.36875 0.041666666666666664 0.01875
