0 0.1489247311827957 0.2543424317617866 0.15591397849462366 0.15632754342431762
0 0.11612903225806452 0.4665012406947891 0.12473118279569892 0.12903225806451613
0 0.23225806451612904 0.47642679900744417 0.053763440860215055 0.09925558312655088
0 0.3204301075268817 0.47890818858560796 0.06666666666666667 0.10421836228287841
0 0.3881720430107527 0.48635235732009924 0.030107526881720432 0.07444168734491315
0 0.4876344086021505 0.46898263027295284 0.11720430107526882 0.09925558312655088
0 0.6612903225806451 0.47518610421836227 0.11612903225806452 0.1513647642679901
0 0.7661290322580645 0.46029776674937967 0.03118279569892473 0.08684863523573201
0 0.14677419354838708 0.6116625310173698 0.16236559139784945 0.10173697270471464
0 0.30913978494623656 0.6129032258064516 0.08924731182795699 0.08933002481389578
0 0.3978494623655914 0.607940446650124 0.06236559139784946 0.08436724565756824
0 0.4908602150537634 0.6240694789081885 0.0935483870967742 0.1513647642679901
0 0.571505376344086 0.6029776674937966 0.02903225806451613 0.05955334987593052
0 0.6967741935483871 0.5818858560794045 0.15268817204301074 0.10173697270471464
0 0.8139784946236559 0.5794044665012407 0.034408602150537634 0.09181141439205956
0 0.1053763440860215 0.7295285359801489 0.07526881720430108 0.09925558312655088
0 0.22311827956989247 0.7307692307692307 0.08494623655913978 0.11166253101736973
0 0.3032258064516129 0.7357320099255583 0.023655913978494623 0.07196029776674938
0 0.4053763440860215 0.7332506203473945 0.12043010752688173 0.11166253101736973
0 0.539247311827957 0.7270471464019851 0.03333333333333333 0.06947890818858561
0 0.6150537634408603 0.7431761786600496 0.0967741935483871 0.13647642679900746
0 0.7290322580645161 0.7121588089330024 0.06881720430107527 0.08933002481389578
0 0.18010752688172044 0.8771712158808933 0.21397849462365592 0.11662531017369727
0 0.39301075268817204 0.8734491315136477 0.14516129032258066 0.13895781637717122
0 0.539247311827957 0.8411910669975186 0.07419354838709677 0.10421836228287841
0 0.656989247311828 0.8461538461538461 0.12903225806451613 0.09429280397022333
0 0.7693548387096775 0.8411910669975186 0.05698924731182796 0.1141439205955335
