0 0.6153125 0.5408333333333334 0.746875 0.23
0 0.180625 0.8220833333333334 0.1175 0.03916666666666667
0 0.26125 0.82 0.0325 0.03166666666666667
0 0.345 0.8183333333333334 0.11875 0.03333333333333333
0 0.4384375 0.82 0.051875 0.03166666666666667
0 0.5153125 0.8233333333333334 0.085625 0.04
0 0.576875 0.8241666666666667 0.01625 0.02666666666666667
0 0.609375 0.8241666666666667 0.04 0.021666666666666667
0 0.649375 0.8279166666666666 0.035 0.0225
0 0.686875 0.82375 0.03375 0.0225
0 0.7178125 0.825 0.019375 0.018333333333333333
0 0.760625 0.8245833333333333 0.05625 0.025833333333333333
0 0.8225 0.8254166666666667 0.0525 0.0275
0 0.8671875 0.8220833333333334 0.026875 0.0225
0 0.9 0.8208333333333333 0.025 0.021666666666666667
0 0.9303125 0.82125 0.029375 0.0225
0 0.969375 0.8216666666666667 0.04125 0.02666666666666667
0 0.0634375 0.8216666666666667 0.060625 0.02666666666666667
