0 0.194375 0.40791666666666665 0.17125 0.1625
0 0.5321875 0.40208333333333335 0.424375 0.1525
0 0.309375 0.5825 0.38875 0.145
0 0.67875 0.5770833333333333 0.27875 0.15583333333333332
0 0.0746875 0.04125 0.059375 0.0725
0 0.2159375 0.03833333333333333 0.123125 0.07333333333333333
0 0.5309375 0.03375 0.071875 0.0675
0 0.19625 0.7645833333333333 0.1425 0.11583333333333333
0 0.3471875 0.7770833333333333 0.103125 0.09083333333333334
0 0.4496875 0.7758333333333334 0.044375 0.08833333333333333
0 0.571875 0.7620833333333333 0.13625 0.1175
