0 0.1453125 0.8354166666666667 0.103125 0.05416666666666667
0 0.63515625 0.8385416666666666 0.2390625 0.06458333333333334
0 0.39140625 0.48541666666666666 0.5953125 0.09583333333333334
0 0.49140625 0.359375 0.5546875 0.11041666666666666
0 0.734375 0.6229166666666667 0.165625 0.10416666666666667
0 0.2796875 0.8395833333333333 0.128125 0.0625
0 0.37109375 0.7375 0.2703125 0.09583333333333334
0 0.353125 0.6166666666666667 0.059375 0.09583333333333334
0 0.65234375 0.7416666666666667 0.2046875 0.09166666666666666
0 0.23984375 0.6135416666666667 0.1203125 0.09375
0 0.51796875 0.6145833333333334 0.2171875 0.09583333333333334
0 0.8078125 0.490625 0.1625 0.09375
0 0.42734375 0.8385416666666666 0.1359375 0.06458333333333334
