0 0.546875 0.7510416666666667 0.065625 0.035416666666666666
0 0.34140625 0.7385416666666667 0.1203125 0.03958333333333333
0 0.46328125 0.7447916666666666 0.0984375 0.035416666666666666
0 0.475 0.42604166666666665 0.034375 0.03958333333333333
0 0.640625 0.753125 0.109375 0.03125
0 0.29453125 0.4166666666666667 0.0484375 0.04583333333333333
0 0.4890625 0.5927083333333333 0.709375 0.22708333333333333
0 0.390625 0.42083333333333334 0.11875 0.041666666666666664
0 0.60546875 0.428125 0.1890625 0.04375
0 0.2484375 0.26875 0.25 0.17916666666666667
0 0.6359375 0.2864583333333333 0.421875 0.18958333333333333
