0 0.5209375 0.21333333333333335 0.395625 0.09333333333333334
0 0.49125 0.3095833333333333 0.08875 0.034166666666666665
0 0.57375 0.30791666666666667 0.06 0.0325
0 0.6346875 0.30833333333333335 0.041875 0.03
0 0.68125 0.3095833333333333 0.0275 0.029166666666666667
0 0.414375 0.4345833333333333 0.08 0.0275
0 0.3965625 0.4970833333333333 0.043125 0.020833333333333332
0 0.3934375 0.5379166666666667 0.039375 0.020833333333333332
0 0.389375 0.5775 0.03375 0.02
0 0.423125 0.57875 0.02 0.019166666666666665
0 0.4553125 0.58 0.035625 0.018333333333333333
0 0.4996875 0.5825 0.044375 0.021666666666666667
