0 0.32734375 0.284375 0.2015625 0.09791666666666667
0 0.20703125 0.8979166666666667 0.1890625 0.0625
0 0.440625 0.68125 0.071875 0.09583333333333334
0 0.5234375 0.26875 0.15625 0.09166666666666666
0 0.48125 0.9052083333333333 0.33125 0.07291666666666667
0 0.20859375 0.14583333333333334 0.1078125 0.0875
0 0.68046875 0.6916666666666667 0.3703125 0.10416666666666667
0 0.31640625 0.565625 0.2546875 0.09375
0 0.75703125 0.8947916666666667 0.1953125 0.06041666666666667
0 0.24140625 0.696875 0.2796875 0.10208333333333333
0 0.696875 0.26979166666666665 0.14375 0.09375
0 0.5015625 0.5666666666666667 0.078125 0.0875
0 0.5515625 0.14583333333333334 0.528125 0.0875
0 0.66171875 0.5625 0.1859375 0.0875
