0 0.6629297458893871 0.6951923076923077 0.11210762331838565 0.04807692307692308
0 0.43647234678624813 0.6846153846153846 0.053811659192825115 0.05
0 0.3041853512705531 0.7423076923076923 0.08221225710014948 0.05
0 0.3834080717488789 0.7471153846153846 0.05829596412556054 0.04807692307692308
0 0.4581464872944694 0.7490384615384615 0.07623318385650224 0.051923076923076926
0 0.5366218236173393 0.6884615384615385 0.12855007473841554 0.05
0 0.3602391629297459 0.6807692307692308 0.08669656203288491 0.05384615384615385
0 0.6659192825112108 0.7557692307692307 0.07623318385650224 0.05
0 0.27802690582959644 0.6778846153846154 0.06278026905829596 0.051923076923076926
0 0.5627802690582959 0.7548076923076923 0.11808669656203288 0.051923076923076926
