0 0.888125 0.86125 0.065 0.025833333333333333
0 0.344375 0.3425 0.27375 0.07666666666666666
0 0.5396875 0.34291666666666665 0.085625 0.07083333333333333
0 0.7271875 0.3433333333333333 0.260625 0.07166666666666667
0 0.6140625 0.39958333333333335 0.049375 0.019166666666666665
0 0.5640625 0.3983333333333333 0.044375 0.018333333333333333
0 0.5265625 0.3975 0.023125 0.021666666666666667
0 0.494375 0.39708333333333334 0.03375 0.020833333333333332
0 0.22375 0.39666666666666667 0.03 0.021666666666666667
0 0.2515625 0.39875 0.015625 0.019166666666666665
