0 0.3462151394422311 0.39755351681957185 0.33705179282868525 0.10805300713557595
0 0.6442231075697211 0.40672782874617736 0.1952191235059761 0.1019367991845056
0 0.8832669322709163 0.41743119266055045 0.20318725099601595 0.08664627930682976
0 0.08406374501992032 0.8786952089704383 0.16334661354581673 0.0672782874617737
0 0.2597609561752988 0.8751274209989807 0.1450199203187251 0.047910295616717634
0 0.3713147410358566 0.8741080530071356 0.04780876494023904 0.05402650356778797
0 0.5103585657370517 0.8751274209989807 0.15697211155378485 0.05402650356778797
0 0.7366533864541832 0.8837920489296636 0.26055776892430277 0.0672782874617737
0 0.9211155378486056 0.8746177370030581 0.07171314741035857 0.05504587155963303
0 0.1398406374501992 0.9627930682976554 0.24940239043824702 0.05402650356778797
0 0.35179282868525896 0.9638124362895005 0.12031872509960159 0.05198776758409786
0 0.48366533864541833 0.9648318042813455 0.09721115537848606 0.05198776758409786
0 0.6426294820717131 0.9627930682976554 0.15856573705179283 0.05606523955147808
0 0.8442231075697211 0.9668705402650357 0.21115537848605578 0.06625891946992865
