0 0.5128125 0.12166666666666667 0.101875 0.02666666666666667
0 0.6090625 0.12166666666666667 0.078125 0.025
0 0.375 0.2075 0.1475 0.04833333333333333
0 0.5290625 0.20458333333333334 0.144375 0.04416666666666667
0 0.516875 0.2575 0.11625 0.045
0 0.396875 0.25625 0.105 0.034166666666666665
0 0.374375 0.33875 0.02875 0.025833333333333333
0 0.44625 0.33708333333333335 0.09875 0.029166666666666667
0 0.585625 0.33666666666666667 0.095 0.02666666666666667
0 0.72375 0.3358333333333333 0.16125 0.028333333333333332
0 0.4809375 0.8383333333333334 0.124375 0.03333333333333333
0 0.48125 0.8820833333333333 0.13125 0.030833333333333334
0 0.4128125 0.9733333333333334 0.026875 0.028333333333333332
0 0.4990625 0.9704166666666667 0.130625 0.030833333333333334
0 0.3759375 0.105 0.159375 0.058333333333333334
