0 0.474375 0.33208333333333334 0.18125 0.0425
0 0.4321875 0.37958333333333333 0.096875 0.04083333333333333
0 0.50125 0.37958333333333333 0.0275 0.04083333333333333
0 0.4528125 0.4270833333333333 0.138125 0.0425
0 0.473125 0.47791666666666666 0.17625 0.04416666666666667
0 0.3884375 0.5341666666666667 0.024375 0.015
0 0.4125 0.53375 0.01875 0.015833333333333335
0 0.4425 0.5333333333333333 0.03 0.013333333333333334
0 0.48 0.5333333333333333 0.03875 0.013333333333333334
0 0.5153125 0.5325 0.019375 0.015
0 0.5403125 0.5304166666666666 0.025625 0.014166666666666666
0 0.571875 0.5295833333333333 0.025 0.014166666666666666
0 0.6053125 0.5279166666666667 0.036875 0.014166666666666666
0 0.389375 0.7958333333333333 0.02125 0.01
0 0.415 0.795 0.02625 0.011666666666666667
