0 0.5240625 0.12958333333333333 0.015625 0.020833333333333332
0 0.519375 0.12958333333333333 0.0275 0.0425
0 0.5009375 0.12916666666666668 0.010625 0.045
0 0.419375 0.1725 0.10875 0.016666666666666666
0 0.5140625 0.17041666666666666 0.075625 0.019166666666666665
0 0.5846875 0.16916666666666666 0.058125 0.02
0 0.6409375 0.1675 0.046875 0.02
0 0.33375 0.25708333333333333 0.22875 0.07083333333333333
0 0.64 0.25083333333333335 0.3475 0.07833333333333334
0 0.36375 0.415 0.26125 0.07666666666666666
0 0.5171875 0.33541666666666664 0.086875 0.06416666666666666
0 0.6625 0.40958333333333335 0.28125 0.06583333333333333
