0 0.29765625 0.44479166666666664 0.0328125 0.035416666666666666
0 0.55390625 0.6291666666666667 0.1734375 0.06666666666666667
0 0.66328125 0.440625 0.0953125 0.035416666666666666
0 0.2921875 0.6364583333333333 0.30625 0.08125
0 0.46171875 0.5552083333333333 0.1140625 0.06458333333333334
0 0.91484375 0.44479166666666664 0.0953125 0.035416666666666666
0 0.746875 0.31979166666666664 0.4 0.12708333333333333
0 0.5625 0.44166666666666665 0.090625 0.0375
0 0.4578125 0.4427083333333333 0.025 0.03125
0 0.228125 0.55625 0.3125 0.075
0 0.3765625 0.44479166666666664 0.125 0.035416666666666666
0 0.4890625 0.44479166666666664 0.040625 0.03125
0 0.76328125 0.44166666666666665 0.0359375 0.0375
0 0.72734375 0.44479166666666664 0.0234375 0.035416666666666666
0 0.821875 0.44583333333333336 0.071875 0.03333333333333333
0 0.50859375 0.29375 0.6234375 0.17083333333333334
0 0.61953125 0.553125 0.1796875 0.06875
