0 0.5096875 0.31166666666666665 0.283125 0.11166666666666666
0 0.7559375 0.3 0.158125 0.08333333333333333
0 0.415625 0.4270833333333333 0.28125 0.08583333333333333
0 0.65625 0.42583333333333334 0.1525 0.08333333333333333
0 0.8290625 0.4379166666666667 0.136875 0.0975
0 0.9109375 0.41333333333333333 0.021875 0.02
0 0.3578125 0.5345833333333333 0.094375 0.04083333333333333
0 0.445 0.53125 0.06875 0.034166666666666665
0 0.4996875 0.5308333333333334 0.026875 0.035
0 0.5496875 0.5304166666666666 0.060625 0.0325
0 0.6284375 0.5316666666666666 0.066875 0.03
0 0.71125 0.5320833333333334 0.075 0.030833333333333334
0 0.7871875 0.5316666666666666 0.046875 0.03
0 0.8534375 0.5320833333333334 0.069375 0.029166666666666667
