0 0.44625 0.64625 0.04 0.035833333333333335
0 0.5165625 0.6491666666666667 0.038125 0.03333333333333333
0 0.40125 0.4725 0.08625 0.043333333333333335
0 0.57375 0.46875 0.21875 0.050833333333333335
0 0.733125 0.47125 0.04 0.0625
0 0.4334375 0.5508333333333333 0.064375 0.043333333333333335
0 0.6059375 0.5454166666666667 0.226875 0.049166666666666664
0 0.573125 0.23458333333333334 0.23375 0.06416666666666666
0 0.561875 0.32083333333333336 0.4025 0.085
0 0.4128125 0.3925 0.061875 0.021666666666666667
0 0.4728125 0.3904166666666667 0.053125 0.0225
0 0.523125 0.38666666666666666 0.03375 0.021666666666666667
0 0.585625 0.3854166666666667 0.0825 0.020833333333333332
0 0.6440625 0.3825 0.026875 0.02
0 0.683125 0.38333333333333336 0.04375 0.023333333333333334
0 0.7334375 0.3804166666666667 0.048125 0.0175
0 0.5365625 0.41583333333333333 0.054375 0.021666666666666667
0 0.59875 0.41291666666666665 0.0625 0.019166666666666665
